m/z	I
119.05394	4532014
175.77077	2923298
197.08198	1879214
199.00712	11428816
200.98637	3799063
205.01432	1948411
205.0507	2490631
207.02996	3308941
207.06635	2065817
209.04562	2110771
209.08201	1884736
211.0249	2844384
219.02995	3331172
219.06633	2727794
221.00922	3984742
221.04559	2918260
221.08201	2603907
223.02487	4850310
223.06122	2626708
223.09761	2396323
225.00413	4620197
225.04053	2703284
225.07685	3376579
227.05618	3562224
227.52444	8366003
229.03546	2600491
231.03335	2441082
233.04557	2615004
233.08199	2170091
235.02488	4853818
235.06127	3061322
235.09767	1911386
237.00414	3462563
237.04051	3872691
237.07688	2128835
239.01979	4989734
239.05612	4049719
239.09252	3888455
241.0354	3378355
241.07182	5131972
241.10819	1914068
243.0511	4073545
243.08747	3437146
245.04558	2958302
247.02481	3315058
247.06128	2120067
248.97332	5390592
249.00416	2327822
249.04051	4604191
249.07694	2232112
250.98338	2007216
251.01978	6200513
251.05614	4738258
251.09254	3912931
252.99905	2358888
253.03537	5779578
253.07182	7189643
253.1082	4404380
254.03863	1944661
255.01464	3391014
255.05106	7249975
255.08745	8785992
257.03026	2692072
257.06672	6962169
257.10313	3506186
259.02487	2210211
259.04593	3026861
259.06123	2328501
259.08235	2170815
261.04055	4035436
261.07688	2797437
263.01979	5109541
263.05613	5063479
263.09257	3540808
264.99908	2744545
265.03543	7337714
265.07176	6624004
265.1082	3966741
265.14637	2031912
265.14796	11107112
267.01466	9143982
267.0494	1974975
267.05106	8058560
267.08582	2016465
267.08746	10075857
267.12385	3344099
268.99389	2207083
269.03031	6091389
269.06507	2283150
269.0667	12763790
269.10169	2309791
269.10311	8723104
271.02486	2032705
271.04598	7110219
271.08236	10286684
271.11871	2067566
273.04053	3257870
273.06162	4204568
273.09803	2564138
275.01974	3795400
275.05615	4284890
275.09259	2686955
276.99898	2436992
277.03539	6967698
277.07003	2033058
277.07175	5343651
277.10817	2842037
279.01466	8471879
279.05106	8537432
279.08744	7114090
279.12376	3729787
280.0908	1957194
281.03029	9642250
281.06503	2248475
281.06668	12710172
281.1012	2328364
281.10309	11553069
281.13953	2381631
283.00955	6276281
283.04595	12221642
283.08053	2920666
283.08233	19440858
283.11873	8760556
284.08563	2457271
285.02521	5349491
285.04058	3030138
285.05984	2962563
285.0616	16877700
285.09623	2492052
285.098	12435605
285.13439	1921958
286.06501	2349149
287.01967	3029022
287.04086	5661736
287.05609	3654191
287.07726	10210361
287.09245	2913856
287.1136	2860106
288.99901	2112956
289.03541	5304269
289.05651	2430423
289.07174	4848606
291.01465	4912996
291.05104	8233845
291.08741	4830086
291.12379	2620311
292.99397	2868981
293.03033	8675077
293.06669	11460374
293.10307	8978215
293.13944	2720567
293.17922	7235402
295.00956	8061582
295.04384	2253981
295.04595	13228702
295.08032	3146414
295.08233	16444079
295.11679	2088126
295.11875	10855103
296.08572	3211382
296.12207	2228358
297.02322	2138909
297.02521	9543198
297.05957	3582509
297.06161	20647470
297.09588	3029310
297.09797	22199870
297.13433	6188623
298.06494	2693617
298.10137	3896321
299.0198	2446747
299.04087	13250981
299.05614	2856364
299.07518	3793332
299.07726	22020532
299.11363	10604997
300.08059	3524467
301.02014	3075346
301.03537	4557080
301.05651	11349282
301.07179	3258664
301.09075	2076977
301.09289	10210610
301.12927	1951042
303.01464	3913851
303.03582	1949317
303.051	5812363
303.07216	3492501
303.08733	2817691
303.10859	1997988
303.12382	2236587
305.02799	2183652
305.0303	9077733
305.06666	7644149
305.10306	4612100
307.00955	6698805
307.04595	12848965
307.0802	2385747
307.08232	11007828
307.11867	6936420
309.02294	1976459
309.02521	12423820
309.05937	1993882
309.06159	16622235
309.09579	2827946
309.09796	18334378
309.1344	6064826
309.1741	8114891
310.06492	1974849
310.10137	2765393
311.00445	6561227
311.03854	2266073
311.04085	16405978
311.07502	3321832
311.07723	24581610
311.11136	2545655
311.1136	19039736
311.15	2076679
311.16863	3932687
312.04414	2658172
312.0806	3929995
312.11699	2585498
313.02012	5531920
313.03536	3729686
313.0543	2844958
313.0565	19835166
313.09055	3394861
313.09289	23492910
313.12926	7782717
314.0599	3060925
314.09625	3091148
315.01467	2343492
315.03575	8940621
315.051	4567123
315.07215	15101020
315.08732	2626146
315.10856	8621162
316.07555	2515957
317.03022	6511481
317.05144	4298625
317.0666	6093704
317.08775	3444624
317.10304	3016086
319.00957	3988119
319.04594	11096741
319.08235	6077108
319.11865	3462339
320.98883	2069421
321.0252	10868156
321.06159	13534666
321.09796	9266649
321.13437	4796903
322.06495	2112344
323.00445	7223499
323.03844	2532569
323.04085	16136409
323.07473	2362599
323.07723	18450664
323.1136	12581110
323.15	3153157
324.04411	3346020
324.0805	2649202
325.02012	10480610
325.0354	2308072
325.05393	3332079
325.05647	20274160
325.09033	3656701
325.09287	24341502
325.12926	10175500
325.18419	4248610
326.05982	3510647
326.0962	4717957
326.13253	2091411
326.99929	2004195
327.01464	2288361
327.03314	2062064
327.03576	15683313
327.051	3768055
327.06959	3278591
327.07214	22331136
327.10596	2639629
327.10851	19930894
327.14491	3774236
328.03908	1931381
328.07551	3718275
328.11185	2437777
329.01501	2012140
329.03026	5060082
329.04887	1939449
329.05141	13324794
329.06665	3423744
329.08779	13644296
329.10638	2199568
329.12417	5433878
330.05485	2394491
330.0912	2647945
331.00964	2772199
331.03064	3656943
331.04591	7896309
331.06708	5141757
331.08227	4204291
331.10343	3340555
333.0252	8060900
333.06049	2300401
333.06159	9934833
333.09794	5275647
333.1344	2794509
334.06486	2401644
335.00457	3725005
335.03835	2079961
335.04085	14920410
335.07723	11008744
335.1136	7496438
335.15009	3074819
336.04406	1990738
336.08062	1984095
337.0201	10417597
337.05373	2192842
337.05649	19803596
337.09019	2697688
337.09287	16260569
337.12924	9094630
337.20539	3603971
338.02352	2085682
338.05996	2846016
338.09618	2383181
338.99935	3116700
339.03301	2588328
339.03574	18907306
339.06937	3054774
339.07214	22085814
339.10584	2807491
339.10851	20754628
339.14493	5843154
339.19992	3302630
340.03909	3068443
340.06716	2000934
340.07556	3639849
340.11183	3002934
341.01506	7519107
341.03026	2563976
341.0486	3558287
341.05139	22819728
341.08505	2836892
341.08777	23929756
341.12418	11019178
341.16066	1973688
342.05471	2846975
342.09109	4499725
342.12756	2097434
343.00964	2599516
343.03063	9266788
343.04592	4820586
343.04929	2306155
343.0642	1985648
343.06704	14882417
343.08228	2708087
343.08559	2771064
343.10344	12797567
343.1398	3756684
344.03414	2082769
344.07039	2178527
344.1068	2104300
345.02513	6367546
345.04629	5550401
345.06157	6572359
345.06493	2091336
345.08265	6418766
345.09803	3777876
345.10133	3288405
345.11904	3649371
347.0045	2979845
347.04081	12573714
347.07725	8889375
347.0806	2498081
347.11364	5199917
347.11696	2201134
347.14992	2179130
348.04419	2389883
349.02013	10841818
349.05653	16551655
349.08999	2153715
349.09286	11185908
349.12925	7264001
349.16574	2248974
350.05982	3229774
350.09614	2479195
350.99936	4252062
351.03273	2330537
351.03576	18821546
351.06913	2589110
351.07213	18284984
351.10852	14672324
351.14489	7858642
352.03906	2994960
352.07551	3663645
352.11176	2775850
353.01502	10015851
353.04844	2967671
353.05141	22328440
353.08478	3324036
353.08779	22107268
353.12419	15832209
353.1606	2908831
353.20031	4962477
354.01837	2408399
354.05476	3685851
354.09106	3895784
354.1275	2930677
355.00955	2690861
355.02738	2146612
355.03067	16434997
355.04596	3533626
355.0641	2920257
355.06706	25130818
355.10035	2556749
355.10346	22247246
355.1398	8251227
356.03386	2722967
356.07039	5225636
356.10685	3722417
357.0099	3927535
357.02515	5167604
357.02853	2354677
357.04633	18786812
357.06162	4163073
357.06498	2543106
357.07953	2193927
357.08272	18303496
357.11909	11029013
357.15552	2441762
358.04959	3384156
358.08609	3978089
359.00458	3143851
359.02554	3928243
359.04083	9675960
359.04429	2124985
359.06195	8004800
359.07724	6376645
359.08062	3460294
359.09832	6694092
359.11359	3507410
359.11694	2114771
359.13474	2400473
360.04419	2266136
361.02006	8683373
361.04133	1997684
361.05648	13717369
361.09287	8169350
361.09636	4059015
361.1293	3965843
362.05969	2774232
362.99932	3547679
363.03271	2337835
363.03574	19313196
363.06909	2825272
363.07211	15782456
363.07565	2233402
363.10852	10179141
363.11179	2502726
363.14486	5964370
364.03907	3582857
364.07553	2379670
365.01502	10790108
365.04824	3400936
365.0514	24446184
365.08448	2575092
365.08778	17994998
365.12415	14329090
365.16052	4645135
366.05474	4229701
366.08298	2041423
366.09117	3283538
366.12747	2440798
366.99425	2232203
367.02747	2514326
367.03068	19175320
367.04589	2498461
367.06371	2640291
367.06703	22693796
367.1002	2903984
367.10341	21145520
367.13981	10839997
368.03399	3739891
368.06217	1962237
368.07035	4803840
368.10684	3370252
368.14314	2502937
369.00989	6181445
369.02526	2254922
369.02845	2380363
369.04299	3169872
369.04629	24873554
369.06154	2540631
369.07928	3204701
369.0827	22260318
369.11582	2922089
369.11909	16202346
369.15541	4913783
370.04968	4361132
370.08596	4342713
370.12237	2640837
371.0044	2692342
371.02233	2142460
371.02558	9104637
371.04088	5338371
371.04424	2538244
371.05882	2185481
371.06198	18730250
371.07721	3421455
371.08058	2087184
371.095	2194709
371.09833	15768854
371.13473	6681891
372.06526	3458660
372.1017	3488368
373.02011	7018413
373.02348	2831278
373.04125	9904052
373.0565	9603002
373.05987	3432379
373.07758	9447361
373.09288	4718534
373.09629	2851271
373.114	6008782
373.12936	2325459
374.99942	3182167
375.03242	2049379
375.03576	15884900
375.03925	2347109
375.05685	3796587
375.07214	11498096
375.0755	3818097
375.09327	2633848
375.10853	6593149
375.11197	3845758
375.14493	3887753
376.03908	2958269
376.07543	2709450
377.01503	9868557
377.04799	2591001
377.05139	25318682
377.08779	13669670
377.09126	3033384
377.12419	10007859
377.12754	2016564
377.16047	3961151
378.01828	2006631
378.04664	2617456
378.0548	5273203
378.09115	3189376
378.12751	1958028
378.99427	2503607
379.02708	3259330
379.03066	24893378
379.06347	3294158
379.06708	24221648
379.10008	2320859
379.10342	17405916
379.13981	11872232
379.17615	3174389
380.03396	5292316
380.06218	2535718
380.07033	5773609
380.10672	3597621
380.14332	2536770
381.00995	8510060
381.02517	2230897
381.04306	3644024
381.04635	30276216
381.06161	2257534
381.0792	3407492
381.08271	25664134
381.11572	2475153
381.11908	20650642
381.15546	7826078
381.2316	2405561
382.04156	2843599
382.04966	4487122
382.0861	4836319
382.12239	3868651
383.00794	2027804
383.02221	2525473
383.02558	19733794
383.04088	4224296
383.04419	2370345
383.05844	3480878
383.06198	27491630
383.09474	3152186
383.09834	26123580
383.13123	2286919
383.13474	14290248
383.17121	3054932
383.46727	1987514
384.02889	3076732
384.06527	4464264
384.10178	4352661
384.13823	3004065
385.0201	5223378
385.0236	3068883
385.03769	2850775
385.04125	21921752
385.05649	6182878
385.06004	2889695
385.07427	2713572
385.07762	21700582
385.09299	2857963
385.11038	2641905
385.11397	15265778
385.15039	5298174
386.04463	3473715
386.08101	4346175
386.11733	2303308
386.99944	3753596
387.00287	2671229
387.02051	4448899
387.03575	12083848
387.03908	3171978
387.05687	13779600
387.07218	8645269
387.07545	3539606
387.09326	11240092
387.10855	3611298
387.11201	2039459
387.1296	5800617
387.14498	2008750
388.03904	2065891
388.09676	2708471
389.01502	9995572
389.01871	2633013
389.03615	3674428
389.04757	2053439
389.05139	20038976
389.05495	2939202
389.07254	3875144
389.08781	11486541
389.0912	3504463
389.10886	2394453
389.12419	5655898
389.1275	2770779
390.0183	2017423
390.0466	2341529
390.05476	2409628
390.09111	2547368
390.12756	2102965
390.99425	2703329
391.02695	3329004
391.03069	24029166
391.06298	2162169
391.06707	21342202
391.07052	2395131
391.10345	13015047
391.10687	2868232
391.13977	9105427
392.03413	3754313
392.06226	2611539
392.07045	4575574
392.10678	2607459
393.00995	9771676
393.04259	4373159
393.04634	33950376
393.07899	3207860
393.0827	22956726
393.11531	2589377
393.11906	17361602
393.15546	9163470
394.04151	3549186
394.04969	5977093
394.07801	2663439
394.08608	4133906
394.12237	3448862
395.02164	3319127
395.02559	23629144
395.04083	2179422
395.04423	2047839
395.05816	4172132
395.06199	32853350
395.09471	2868081
395.09835	23113074
395.1311	3480957
395.13474	18353534
395.1711	4892043
396.02886	4347574
396.05724	2535104
396.06538	6076099
396.09356	2647757
396.10171	5050064
396.13812	3741404
397.00482	4259851
397.02005	4125712
397.02351	2273297
397.03749	3705878
397.04124	30068760
397.05654	4901917
397.0598	2146846
397.07368	3437603
397.07763	29044772
397.09271	2271273
397.09619	2068522
397.11025	3815471
397.11399	23531568
397.15039	10895421
397.18669	2134090
397.22664	4087896
398.04455	5101942
398.07301	2015616
398.08097	4939139
398.11732	5198224
398.15379	2076572
398.9994	2613956
399.00281	2266821
399.01262	2069705
399.02056	10142411
399.03582	8671953
399.0393	3335890
399.05312	3182295
399.05689	24990424
399.07214	5792478
399.0755	3174111
399.08933	2477796
399.09329	21312228
399.10842	2657002
399.11193	2548460
399.12961	13398770
399.16603	2920191
400.02366	2202667
400.03906	2423857
400.06024	4574264
400.0967	3749957
400.13314	2258002
401.01504	9786759
401.01854	3130761
401.03616	11814287
401.04773	1989523
401.05137	13469076
401.05489	3502486
401.07252	14505372
401.08776	6606241
401.09125	3679650
401.10895	9528745
401.12422	3059118
401.12745	2696623
401.1453	4132277
402.0546	3746550
402.07592	2743037
402.99426	4810817
403.02695	2978893
403.03064	20789326
403.05185	5195861
403.06324	2835545
403.06704	17991770
403.07045	2797660
403.08819	5216354
403.10344	9410663
403.10684	4159593
403.12464	2817135
403.13981	5023861
404.03405	4294065
404.0624	3375547
404.07046	3942845
404.09869	2076615
405.00992	11004682
405.04243	4414230
405.04632	31603480
405.04999	3109656
405.0827	20478756
405.08616	2616101
405.11911	11299633
405.12249	2998066
405.15547	6290238
406.0134	2136174
406.0415	2937977
406.04967	6079612
406.07793	2228357
406.08597	4785288
406.12251	3353749
406.15866	2017442
406.98917	3243466
407.02145	3702229
407.02561	27393494
407.04075	2252252
407.05796	5129698
407.06196	34692580
407.09423	2872815
407.09837	19758576
407.13064	2262524
407.13475	15965694
407.17116	4759051
408.02888	5545789
408.05721	3286855
408.06528	7550794
408.09355	2509652
408.1018	4327255
408.13818	2905956
409.00485	7702682
409.02003	2813087
409.03721	4976806
409.04125	40681640
409.0564	3693740
409.07348	4120754
409.0776	29687988
409.09621	2214075
409.10994	2348223
409.11401	24436928
409.15034	14008526
409.18692	2946267
410.04458	7023119
410.07288	2981401
410.081	6466076
410.11736	5558825
410.15374	3161654
410.99924	2177894
411.0125	2666347
411.01648	2720620
411.02051	19227502
411.03574	6288243
411.03919	3651444
411.05273	5307257
411.05687	37061500
411.07202	3254144
411.07543	4112257
411.08926	3446662
411.09328	29303688
411.11198	2067855
411.12548	2651027
411.12967	21562260
411.16608	7328674
412.02388	3223767
412.05203	2108642
412.06022	6692069
412.08845	2168559
412.09661	6821106
412.133	4304127
413.01503	7939646
413.01848	3398207
413.03219	3039300
413.03615	22726214
413.05139	11150923
413.05491	4316748
413.06842	3354193
413.07257	26273362
413.08776	5754456
413.09127	3471962
413.105	2721375
413.10894	21784160
413.12418	2008165
413.12759	2700903
413.14532	11196013
413.18169	2456186
414.03942	3317681
414.04672	1982388
414.05466	2117047
414.07589	4543423
414.11228	4653004
414.14863	2151385
414.99433	4548877
414.99769	2573070
415.00734	2891026
415.01543	4905237
415.02636	2307353
415.03069	16120090
415.03413	4649244
415.04766	2381600
415.05179	18352418
415.06278	2000166
415.06703	13310247
415.07047	4417833
415.08818	15612207
415.10336	7418165
415.10691	4550966
415.12458	10373436
415.13974	4084034
415.14319	3770691
415.16085	3457354
416.02567	2225541
416.03415	2768520
416.05519	3723920
416.0704	3478166
416.09146	2886301
416.12789	2693803
417.00563	2121708
417.00995	12635117
417.01342	2567663
417.03106	4451317
417.04214	3959801
417.04631	29428730
417.04982	3531772
417.06746	6601731
417.07859	2694151
417.0827	16194568
417.08608	3420169
417.10386	5088272
417.11909	8746005
417.1225	3958807
417.15542	4767779
418.01324	2416990
418.04147	2769256
418.04967	5330284
418.07803	2846070
418.08604	3779961
418.98924	2985670
419.02152	3336914
419.02561	30142162
419.05773	4448991
419.06196	35229408
419.07321	2010341
419.09414	2898668
419.09835	19164910
419.10194	3262191
419.13469	11079419
419.13807	2730749
419.17117	4871945
420.02897	5312582
420.05726	3997777
420.06531	7811156
420.09366	2306142
420.1016	3674209
420.13786	2174575
420.99689	2481581
421.00486	10191280
421.03695	5185980
421.04124	45060540
421.07341	4033994
421.07766	31027660
421.10972	2700759
421.11402	18112984
421.11763	2395610
421.14606	2019813
421.15038	13636070
421.18685	3677684
422.00841	1977126
422.03659	2055472
422.04456	8756019
422.0729	3640126
422.08099	6908737
422.10921	2131276
422.11738	4664143
422.15377	2752348
423.00278	2823322
423.01289	2141853
423.01614	2985118
423.02049	24319136
423.03567	3880102
423.03912	2108071
423.05253	6329516
423.05688	43078828
423.07212	2324659
423.0755	2548917
423.08882	3865786
423.09326	28628156
423.12533	2626759
423.12967	21722312
423.16609	9991383
424.02383	4032024
424.05214	2618915
424.06023	8740390
424.08871	1976369
424.09665	5791284
424.13306	5336642
424.16929	2751567
424.99181	1971077
424.99981	3053960
425.01496	4595598
425.01845	4128655
425.02839	2043795
425.03189	4906900
425.03614	32225174
425.05138	5826460
425.05476	3504029
425.06823	4627362
425.07255	35411876
425.0876	2499497
425.09103	3468202
425.10447	3274671
425.10893	27457456
425.12749	2114488
425.14091	2675133
425.1453	17663934
425.18167	4970445
425.25789	2572265
426.03949	6324497
426.0678	2162972
426.07585	6713631
426.1043	2012969
426.11228	5929261
426.14867	3048762
426.9946	3043451
426.9978	3015292
427.01541	10316419
427.02605	2612871
427.03062	13224585
427.0341	4760202
427.04405	2249358
427.0474	4198031
427.05179	28342928
427.06703	9140887
427.07046	4035224
427.08087	1980060
427.08388	3264157
427.08819	24787614
427.10341	3974821
427.10692	3394214
427.1205	2711723
427.12461	18356908
427.13953	2026162
427.14319	3408564
427.16093	8078011
428.02582	2505732
428.05514	4797455
428.09153	4635677
428.12796	4023339
429.00989	11505020
429.01338	4773245
429.02663	2357634
429.03107	11738500
429.04179	3107208
429.04634	18800010
429.04981	4789643
429.06307	2602384
429.06746	17374610
429.08271	10608024
429.08617	4349337
429.09923	2136478
429.10389	13794720
429.11902	5395878
429.12253	4978087
429.14024	7110062
429.15544	2075060
429.15887	2728373
429.17656	2280892
430.03442	2400005
430.04173	3281672
430.04966	3480331
430.07093	3536659
430.07777	2731286
430.08594	2509081
430.10703	2110753
430.98919	4265076
431.02107	3128448
431.02558	21979266
431.02921	3192964
431.04674	8431754
431.05756	3672207
431.06196	26689680
431.06549	3710098
431.08316	6203545
431.09839	11722910
431.10179	4976800
431.1195	4953255
431.1348	7923884
431.13813	3665070
431.17115	3457210
432.02896	4956678
432.05722	4000272
432.06532	5624340
432.09359	2156063
432.10165	3143202
432.10538	2101283
432.99688	2243452
433.00482	11137919
433.03668	5190540
433.04125	39445388
433.06249	2804630
433.07314	3209114
433.07763	28287900
433.08124	3088285
433.1093	2298792
433.11398	14926762
433.11747	3912619
433.15035	8887224
433.15393	3072953
433.18676	3557318
434.00789	1975557
434.03661	3724560
434.04463	7542035
434.07293	3969310
434.08092	5860642
434.11736	2886960
434.15375	3167550
435.00257	2664073
435.01591	3714702
435.0205	26789520
435.03577	2013845
435.0391	2193047
435.05225	6375068
435.05688	44443292
435.0887	3321514
435.09328	27518636
435.09693	2496173
435.12516	2637496
435.12969	15042234
435.13323	2454204
435.1661	9553608
436.0238	5859352
436.05223	3475491
436.06028	9422886
436.08852	3313713
436.0967	6092852
436.13297	4140098
436.16927	2483280
436.99972	6345110
437.01513	2284956
437.01852	2320797
437.03148	5421474
437.03614	42805668
437.05128	3587498
437.05473	2024363
437.06789	6082993
437.07252	36153780
437.09092	2588090
437.10434	3702207
437.10894	24996288
437.14063	2244045
437.14535	17426894
437.18174	6054365
438.0313	2178859
438.03955	7199534
438.06768	3393337
438.07592	7547709
438.10434	2149192
438.11222	6415179
438.1487	3581785
438.18499	1994087
438.99434	2300582
438.99764	3241127
439.01083	2581677
439.01541	15244462
439.03074	6743221
439.0341	4095158
439.04019	2195640
439.04429	2407610
439.04722	5700795
439.05183	40611004
439.06702	5297347
439.07054	4266180
439.08365	3565769
439.0882	29117642
439.10329	2339537
439.10693	2707666
439.12009	2763480
439.12461	21499098
439.15643	2022118
439.16093	12090600
439.19738	2486518
440.01871	3082810
440.04704	2395718
440.05515	7548489
440.06202	2255436
440.08347	2125908
440.09153	6205015
440.12804	4808294
440.16443	2352756
441.00995	7239619
441.01327	4298692
441.02627	2998217
441.03107	20058058
441.0463	11935697
441.04972	3952594
441.06261	4026327
441.06746	28151770
441.08265	6488031
441.08613	3681249
441.09934	3005414
441.10387	22523880
441.11901	3490798
441.12255	4929519
441.14024	14184438
441.1767	4636677
442.03456	3644761
442.0416	2220892
442.04966	2812255
442.07079	6170983
442.08616	2429293
442.10717	3924342
442.14365	3338628
442.98931	2786004
442.99262	2307798
443.01031	2492125
443.02073	2207457
443.02561	17945314
443.02913	4702948
443.04183	2973417
443.04675	16921322
443.05699	2631919
443.06195	18297584
443.06538	4472563
443.07864	1984248
443.08312	15512313
443.09831	8446719
443.10177	4786945
443.11948	11358984
443.13489	4043534
443.13814	4485904
443.1559	5249815
443.17131	2142493
444.02073	2188399
444.02889	3757170
444.05011	3628155
444.05713	2628733
444.06532	3853441
444.08641	3902601
444.1015	2213007
444.12306	2557080
445.00491	12154359
445.00809	2732537
445.02611	3778048
445.03639	4595204
445.04125	31749638
445.045	3366408
445.06243	9623054
445.07269	3252755
445.07764	22304276
445.08121	3952150
445.09881	6276637
445.114	9983523
445.11745	4892197
445.15041	5492274
445.15379	3841587
446.00823	2258824
446.03656	3735444
446.04465	6334359
446.07316	2896802
446.08102	3879846
446.11721	2362292
446.15376	2083779
446.98413	2612495
447.01563	3152156
447.02052	27253022
447.02409	2641183
447.0519	4995370
447.05688	42203436
447.06812	2439473
447.07805	2532661
447.08856	2315065
447.09327	21952826
447.0968	3431740
447.11458	2091331
447.12499	2249544
447.12966	13031753
447.13315	4815179
447.1661	5921112
448.0238	4780720
448.05216	5251772
448.06021	9128639
448.0884	2817738
448.09657	5661389
448.13274	3258076
448.99974	8014904
449.01827	3105343
449.0312	6302789
449.03616	46758984
449.06762	5981267
449.07251	40090708
449.10395	2964578
449.10895	21019748
449.11237	2347109
449.14046	2176113
449.14532	14507122
449.18166	5700737
450.0315	2680279
450.03949	9956826
450.06777	4093414
450.07582	9784809
450.10434	2233844
450.11222	5035512
450.14856	3358214
450.99771	3542876
451.01049	3465057
451.01542	19865444
451.03063	3555177
451.03406	2643819
451.04694	7047024
451.05181	49168240
451.0672	3620728
451.07042	2213753
451.08326	4554623
451.08819	32169856
451.11964	3468173
451.12453	20955024
451.16099	12906398
451.19743	3484589
452.01882	4647160
452.04715	2882819
452.05519	10453254
452.08339	2922770
452.09155	6705429
452.12774	4448548
452.16424	2986291
453.00998	5487240
453.01332	4348554
453.02619	4471439
453.03109	29221520
453.04629	8643223
453.04979	3756696
453.06242	5298845
453.06747	38453920
453.08281	4872870
453.08604	2994855
453.09881	3682988
453.10385	24355502
453.12246	2733750
453.13496	3292859
453.14023	18875068
453.17655	7627468
454.03442	5880870
454.04166	1997353
454.04969	2149420
454.06258	2577458
454.07086	8055861
454.09908	2308160
454.10733	5243972
454.14367	4330579
454.17997	2609249
454.98913	2522536
454.99247	2485162
455.01041	6794673
455.0206	2453941
455.02556	13317559
455.02902	5105081
455.04165	4027838
455.04674	26895808
455.05697	1977796
455.06197	11838918
455.0654	4380103
455.07799	3907020
455.08312	26977742
455.09828	4443605
455.10166	5539286
455.11452	2243035
455.11952	18556382
455.13449	2929123
455.13813	2460133
455.15589	9606636
455.1746	2037235
455.19238	3018235
456.02877	3532621
456.05008	4398934
456.05734	2629465
456.06539	2287964
456.08644	4980581
456.12289	4611956
456.15944	2360194
457.00481	9578713
457.00828	3898586
457.02599	9136353
457.03627	3686630
457.04126	22186216
457.04476	4696297
457.05719	2614510
457.06235	18008304
457.07246	2570484
457.07763	14108918
457.08108	4146424
457.09357	3022077
457.09877	13576447
457.11397	6428933
457.1174	4538631
457.13517	9021710
457.15034	3781908
457.15377	3049749
457.17153	3113245
458.00828	2536048
458.03644	3291771
458.04466	4663935
458.06567	3527303
458.08104	3089037
458.10201	2865814
458.98408	3444732
459.01545	3685385
459.02055	23981066
459.02416	3870732
459.04156	6136851
459.05175	4110359
459.05691	32001050
459.06065	3498011
459.07801	7193634
459.08843	2752550
459.09331	15219752
459.09674	3716138
459.11437	5798961
459.12966	7631927
459.13313	4535353
459.15089	4244544
459.16601	4186182
460.02395	4746658
460.0521	4431278
460.06021	7093681
460.08862	2095548
460.13295	2430414
460.99973	8814382
461.03103	5093179
461.03616	36228924
461.05736	2758470
461.06748	4616010
461.07255	32837452
461.07609	3459917
461.10394	2656089
461.10894	16174939
461.11238	4302684
461.14537	8968042
461.14891	3932011
461.18175	4644728
462.03146	2972882
462.03958	8728789
462.06778	4640993
462.0759	7215332
462.10427	2227951
462.1122	3171570
462.14878	2749697
462.99772	2512986
463.01036	2977888
463.01545	21099106
463.03085	2265704
463.03393	2767465
463.04669	6599278
463.05182	47698544
463.08311	3313277
463.08819	30126720
463.09197	2886273
463.11928	2296460
463.12457	14705294
463.12817	3470991
463.16095	8997533
463.19731	3237547
464.01864	4903929
464.04715	3412997
464.05513	10195976
464.08364	3075092
464.0915	5663767
464.11976	2229282
464.12789	3310630
464.16413	2309685
464.99483	3936646
465.00987	3062156
465.01321	2629006
465.02589	6049171
465.03112	36033940
465.04621	3765659
465.04967	2646428
465.06233	5801378
465.06746	41817508
465.08289	2696106
465.09858	3855792
465.10385	23008690
465.10765	2250164
465.13517	2030015
465.14021	16111041
465.17663	7929296
465.21301	2452959
465.30435	10036740
466.02647	2328362
466.03442	7305005
466.06295	3310392
466.07084	9484091
466.09926	2048839
466.10715	5594954
466.14361	3723097
466.17995	2431848
466.30781	3225500
466.99269	3322034
467.01036	10492089
467.02557	6848704
467.02908	3848385
467.04135	6103238
467.04672	37935304
467.062	7375055
467.0652	3071184
467.07773	3956949
467.0831	30841046
467.0984	3509469
467.10184	2194655
467.11431	3087588
467.11949	19863782
467.13801	1999597
467.15583	13015284
467.1923	5146884
468.05009	7879264
468.06544	2276966
468.07811	2447979
468.08648	7303791
468.12283	5358206
468.15855	2047628
469.00481	6648804
469.00833	4040677
469.0184	2397161
469.02601	14195692
469.0363	2460657
469.04124	15592434
469.04461	4930548
469.05691	4065273
469.06238	28482554
469.07274	2299903
469.07767	8891393
469.08114	4624387
469.09332	3374088
469.09875	22027274
469.11424	4182032
469.11745	3936274
469.12959	2071574
469.13321	2935832
469.13518	15084569
469.15369	2852896
469.17157	6597672
469.20819	2052150
470.02938	3084676
470.03648	2935175
470.0447	4034954
470.06582	6163859
470.08107	2123161
470.10217	4687265
470.13853	4143536
470.98417	2462471
470.99753	2073357
471.00534	2037520
471.01505	2402068
471.02051	18390806
471.02394	5230360
471.03631	2625308
471.04163	14991135
471.05174	3093283
471.05688	20397860
471.06041	4683558
471.07275	2426667
471.078	15798061
471.0933	11562804
471.09673	3983157
471.11442	12115772
471.12964	4433731
471.13307	4114244
471.15076	5846859
471.16603	2495313
471.16931	2480466
472.02382	4187309
472.0451	2599094
472.05217	4407481
472.06028	3176636
472.08149	3576004
472.09682	2385099
472.11771	2806995
472.99976	10449465
473.00333	2737722
473.02088	2790977
473.03101	4018757
473.03619	31138376
473.03981	4805193
473.05721	8929872
473.06736	3347028
473.07255	24904278
473.07616	4067928
473.09379	7080543
473.10888	10601061
473.11231	5120614
473.13011	4334190
473.13721	2022512
473.14534	6234740
473.14878	4242037
473.28257	1999019
474.00276	2442703
474.03149	2737115
474.03953	7173086
474.06769	4071401
474.07593	5833709
474.10417	2123256
474.11225	3475451
474.97939	2092378
475.00982	2791783
475.01543	21906792
475.04618	5150069
475.05183	43361656
475.05566	3822969
475.08288	3253636
475.08824	23512454
475.09175	3120520
475.10904	2335631
475.11882	2194323
475.12453	12252565
475.12804	4504982
475.16101	7306660
475.16432	2477477
475.19732	3981746
476.01876	5236479
476.0471	4507402
476.05513	9414413
476.0834	3382041
476.09166	5543708
476.12794	3574571
476.16426	2080569
476.99473	5611657
477.01352	2432144
477.02542	4326549
477.03108	35481752
477.04637	2208926
477.06196	5662884
477.06746	39250084
477.09851	3372211
477.10388	21260468
477.10746	2832566
477.13468	2105537
477.14026	13592771
477.14383	2522309
477.17662	6473938
477.21327	2624737
478.03437	7531052
478.06271	3369528
478.0708	9849403
478.09914	3053126
478.10715	5440074
478.14347	4046424
478.18001	2127975
478.99276	2279342
479.00494	2299827
479.01031	12774325
479.0256	4733884
479.02895	3889085
479.04117	5987266
479.04673	44870596
479.06199	3819466
479.0777	5174225
479.08314	34008020
479.11392	2885599
479.11948	17828834
479.15592	12708848
479.19226	6061055
480.01366	2638153
480.04179	2412885
480.05006	9661784
480.07851	3074403
480.08648	7775591
480.12293	5242229
480.15887	2518404
481.00482	3838680
481.00834	4089561
481.01809	2325725
481.02034	3821278
481.02597	21917408
481.04122	8564454
481.04473	4775656
481.05667	4906732
481.06239	36368112
481.07764	5424885
481.08093	3021558
481.09324	3349243
481.09879	23924478
481.11407	2524931
481.11753	2188037
481.13513	14548748
481.17151	7843611
481.20796	2771753
482.02935	4395123
482.06579	9379969
482.09394	2224781
482.10211	5054608
482.13855	3375262
482.98414	2305521
483.00525	3828218
483.02051	11264512
483.02387	4762113
483.03368	2081285
483.03578	3633670
483.04162	21819912
483.05097	2649612
483.05689	14443022
483.06043	3705360
483.07237	3908116
483.07802	22974998
483.09326	5949981
483.0967	3182110
483.1087	2159651
483.11445	16159269
483.12995	2489900
483.13293	3203629
483.15084	10871348
483.18718	3850818
484.02405	2126737
484.04498	5247898
484.05232	2518940
484.06	3717023
484.08141	5647272
484.09633	2390446
484.11766	3879862
484.15426	2010565
484.99976	7992599
485.00333	3890456
485.02104	6100255
485.03044	2549027
485.03619	22443300
485.03982	4869415
485.05735	17298734
485.0668	2479409
485.07252	16438579
485.07611	2999605
485.09368	12588348
485.10884	7284034
485.11255	3902788
485.13012	8338763
485.14533	2982225
485.14857	3053906
485.16639	4640089
485.27677	2801029
485.28262	16692615
486.03128	2732722
486.03951	6028981
486.06078	3172029
486.06789	3769024
486.07591	3885763
486.09706	2926284
486.13357	2675418
486.28591	4917015
486.97899	2208810
487.00963	2315319
487.01549	19060792
487.01913	3646522
487.0366	5703745
487.04611	4343877
487.05184	31258696
487.05547	4796489
487.07293	8439888
487.0882	15956054
487.09185	3731543
487.10939	5271646
487.12447	8501348
487.12795	3790950
487.14579	3629165
487.16091	4841587
488.01861	4084167
488.04702	4187602
488.05528	7016918
488.08364	2548193
488.09157	3586532
488.12791	2277874
488.99467	5301066
489.01312	2781009
489.02529	4086614
489.03109	32439128
489.0349	3294041
489.05236	2698080
489.06163	5030756
489.06745	34831208
489.07133	3005288
489.10384	16931700
489.10748	3556214
489.14021	9350019
489.17663	5489554
489.18013	2171795
489.21272	2033568
490.02631	2269409
490.03442	7318756
490.06268	3622127
490.0708	8285427
490.09928	3074302
490.10717	3383553
491.00424	2752098
491.01034	16490085
491.02899	2850412
491.04076	5887601
491.04671	42270324
491.07714	4275839
491.0831	29990530
491.08691	2678403
491.11949	14970512
491.12318	2880145
491.15591	8695454
491.15955	2158240
491.1924	4109997
492.01389	2649071
492.04197	2709499
492.05006	8290302
492.07833	3267593
492.08658	6748172
492.12281	3398682
492.15911	2843688
492.98972	2366830
493.00455	2320244
493.00837	2307445
493.01991	4049274
493.02599	25436540
493.04132	4618626
493.04439	2451331
493.0564	6384008
493.06239	38961548
493.07796	2029969
493.08127	2068882
493.09312	2815383
493.09876	23536024
493.12929	2591141
493.13515	15352231
493.17149	8188341
493.20789	3049924
493.57372	2060371
494.02926	6245125
494.05753	2575120
494.0595	2199312
494.06577	9143059
494.09423	2507550
494.10225	5708577
494.13852	3601199
494.17463	2116413
494.98745	2062458
495.00531	6102145
495.02055	6857863
495.02395	4392073
495.03561	4555917
495.04166	29164688
495.05087	2273427
495.05698	6577302
495.06035	3256471
495.07173	3805339
495.07802	29410462
495.09348	4404388
495.09653	2574501
495.10824	2503849
495.11447	18007212
495.14501	2425016
495.15083	11519162
495.18724	6212808
496.04501	6051350
496.0732	2109984
496.08143	6772260
496.11771	4734514
496.15414	3226176
496.1908	2062926
496.99987	4657032
497.00336	3309449
497.0209	8603536
497.03615	13338518
497.03964	4063127
497.05124	4089756
497.05729	24725406
497.07252	10061732
497.07614	3158949
497.08739	3343274
497.09366	19081132
497.10908	3975090
497.11237	3448755
497.12382	2233272
497.13009	12654522
497.14553	2167744
497.14879	3505089
497.16637	8280008
497.20296	3200982
498.03963	3174682
498.06061	5685538
498.09697	4392240
498.1333	2281278
498.97925	1995395
499.00933	2396815
499.01547	15317649
499.01889	4203155
499.03652	10230426
499.04568	3435165
499.05182	20875936
499.05562	4035233
499.07294	13879975
499.08219	2651819
499.08816	12573357
499.09169	4079279
499.10935	10386102
499.12454	5888700
499.12808	3529405
499.14573	6924996
499.16069	2427593
499.16433	3141323
499.18223	3385042
500.01881	3779603
500.04706	3354654
500.05518	4871201
500.07614	3026985
500.08347	2222636
500.09144	3189807
500.11246	2647095
500.9947	7974280
501.02498	3431828
501.03111	27176342
501.03501	3568024
501.05222	7980446
501.06112	3466658
501.06749	26619300
501.0714	3144102
501.08867	6641068
501.10381	11423154
501.10752	3405235
501.12491	4144570
501.1403	6141376
501.14378	3037633
501.17656	3621326
502.02641	2188050
502.03452	6545173
502.06283	4359968
502.07096	6879011
502.09935	2247469
502.10716	3883824
503.00426	2649221
503.01038	15335559
503.04043	5613715
503.04674	37097620
503.05059	3399831
503.06818	3724445
503.07689	2530465
503.08311	24580258
503.11942	11526321
503.12306	2523314
503.15591	5925055
503.1596	2561216
503.19221	3798220
503.1956	2249934
503.22855	2364122
504.0137	4026883
504.04196	3441166
504.05014	8139281
504.07858	3534364
504.08651	5923359
504.12284	2662956
504.98965	2862963
505.00843	2183034
505.01958	3798910
505.026	26661760
505.0299	2390914
505.04423	2536328
505.05602	5809036
505.06237	38769552
505.09239	2880410
505.09878	21509020
505.10261	2788254
505.13521	11895722
505.17151	7150520
505.20799	2899909
506.02936	5283066
506.05744	2792196
506.06578	8881415
506.094	2677010
506.10216	5088533
506.13847	3221795
506.17532	2857264
506.99762	2424420
507.00536	7665255
507.02042	2929260
507.02381	2925678
507.03518	4777586
507.04169	33461876
507.05683	3752570
507.0601	2735739
507.07189	4830848
507.07808	30209666
507.09304	2351751
507.09652	2682505
507.10811	2740877
507.11447	16561807
507.11853	2057873
507.15074	11028125
507.18725	5852843
508.04489	6354922
508.07322	2916340
508.08142	6918136
508.11792	4429829
508.15413	2836498
508.19065	2162720
508.99965	3384652
509.0031	2730317
509.01303	2297681
509.02096	12851540
509.03612	8694105
509.03974	3531099
509.05069	4055391
509.05735	29292898
509.07248	7852391
509.07603	2657128
509.08714	2959724
509.09374	21625198
509.10894	2697588
509.13011	12945788
509.16647	8857993
509.20269	3102103
510.02442	2662086
510.03902	2568908
510.05311	2105041
510.0607	8559315
510.07598	2240729
510.08901	2426590
510.09707	4496097
510.13344	3791598
511.0003	2087981
511.00897	2189872
511.01551	9538610
511.01905	4248628
511.02892	2220343
511.03659	15547450
511.05177	13077568
511.05543	3095617
511.06621	3235909
511.07299	21462088
511.08182	2439243
511.08824	6519885
511.09176	2670158
511.1093	13282389
511.12455	3786842
511.12798	2732124
511.14567	9522274
511.18201	5307503
512.01864	2687393
512.04005	2910633
512.04749	2656684
512.05531	3397039
512.0763	3960246
512.08355	2392505
512.11263	3076548
512.14953	2239953
512.99452	5367557
513.01587	3860236
513.02452	2121487
513.03106	20586258
513.03479	3225363
513.04582	2318103
513.05222	13754137
513.06092	2777885
513.06752	17112862
513.07116	3673888
513.08864	11886375
513.10391	8273708
513.10733	3668781
513.12497	7810868
513.14028	3811129
513.14364	3664699
513.16135	5097281
513.17661	2680647
513.19785	2351950
514.02637	2392698
514.03453	4718717
514.05552	2766981
514.06258	3839111
514.07084	4640906
514.09194	2280594
514.10707	2286231
515.00391	2418139
515.01037	14827997
515.01411	2870750
515.03153	3809764
515.03998	4154856
515.04672	27116010
515.06793	8036850
515.07676	2790901
515.08315	17023478
515.08683	3350008
515.10428	5816831
515.11946	7889412
515.12297	2533893
515.14067	3336716
515.15581	5116433
515.15937	2563602
515.19228	2914846
516.01385	3540805
516.04211	2981711
516.05012	6789970
516.07103	2214233
516.07842	3586908
516.0865	4758367
516.11524	2157417
516.12274	2626412
516.98972	4213921
517.01929	2915499
517.02604	23585966
517.03006	2210991
517.05577	4226232
517.06241	31761594
517.08366	3079362
517.09162	2159813
517.09877	16032967
517.12886	2431186
517.13209	2411731
517.13523	7861460
517.13871	2648278
517.17147	4580577
518.0294	5744145
518.03179	2032146
518.05766	3495451
518.06577	5985822
518.09424	2506280
518.10188	4142635
518.13847	2031672
518.99779	2345831
519.00526	8157034
519.02068	2141039
519.02419	2053488
519.035	4077428
519.04168	31762294
519.07147	3630977
519.07803	29149058
519.09499	2333577
519.10758	2162573
519.11442	13748112
519.15088	8365981
519.18718	5022634
519.19054	2052523
520.03701	2077907
520.04501	7262422
520.07334	3815648
520.08141	6856931
520.11775	3891440
520.15397	2206972
521.01372	2446376
521.0209	14682666
521.03601	4586032
521.0395	2638897
521.05037	5052981
521.05729	32320054
521.07207	2390588
521.07604	3012157
521.08701	2898497
521.09374	18876996
521.12328	2170446
521.13008	11106896
521.1664	7582301
521.20293	4471402
522.02437	2857862
522.05283	2605968
522.0607	8702866
522.08922	2042268
522.09694	5363615
522.1335	3046316
522.16967	2444216
522.99995	3246294
523.01551	5407963
523.01895	2813148
523.02977	3027168
523.03659	18369762
523.04531	2046181
523.05181	6517992
523.05545	3200233
523.06621	3682541
523.073	23743726
523.08839	4279540
523.09181	2576629
523.10234	2204921
523.10943	15715579
523.14569	9161992
523.18222	6178069
523.21848	2502945
524.03992	4206138
524.07627	5140038
524.11267	4120146
524.1489	2219615
524.99456	3471230
525.01599	5023622
525.03106	11296650
525.03472	3184524
525.04503	2206607
525.05221	17534866
525.06073	2164629
525.06747	10551191
525.08169	2538396
525.08859	16281502
525.10395	5392291
525.10738	2447268
525.125	9641898
525.14341	2542001
525.16144	6657975
525.19769	3676099
526.03422	3326173
526.05577	3483877
526.0626	2575591
526.07075	2455786
526.08421	2011374
526.09196	3989745
527.01035	9331237
527.01407	3105318
527.03157	7057964
527.03989	3632687
527.04677	18149936
527.05027	3445298
527.06099	2605622
527.06793	11690552
527.07636	2504251
527.08311	11104829
527.08666	2339390
527.10428	8745540
527.11952	5485129
527.12307	2227787
527.14066	4801104
527.15597	2810454
527.15936	2408023
527.17706	3642973
528.01387	2391923
528.04223	2902909
528.05022	5012351
528.08275	2368394
528.08645	3168139
528.98966	3175606
529.01902	3579072
529.02601	18134210
529.04734	4594889
529.05542	3615948
529.06242	23041230
529.08367	6575317
529.09204	2208984
529.09877	12211418
529.1024	3000539
529.11999	4308193
529.13529	5995750
529.1563	2930925
529.1716	3188978
529.17514	2418931
530.0294	5053964
530.05769	3674645
530.06568	5588503
530.09433	2185761
530.10215	3540515
530.13831	2214447
531.00525	8869705
531.03466	3062611
531.04168	27744086
531.04554	2874199
531.06287	2926428
531.07089	3581791
531.07809	20510562
531.09917	2039656
531.11442	10549101
531.11804	2944878
531.15077	6242169
531.15431	2267002
531.1872	3424132
532.03741	2024855
532.04502	6441114
532.0735	3271843
532.08153	5431462
532.11775	2430129
533.02098	17095122
533.03588	3089880
533.05018	3830236
533.05735	28768734
533.07241	2201059
533.08663	2626024
533.09373	18569706
533.13005	10340854
533.16644	5734914
533.20284	3021325
534.02444	3523347
534.05263	2663196
534.06064	6875934
534.08912	3604263
534.09729	4365098
534.1332	2451253
535.00011	3503175
535.01521	2294348
535.0189	2297933
535.02956	3100752
535.03659	21306450
535.05164	4281431
535.05579	2071640
535.06588	3578971
535.073	26197086
535.08793	2717794
535.10937	13286505
535.1458	7974005
535.18222	5598336
535.21841	2753675
536.04005	4713869
536.06854	2229653
536.07626	6501784
536.11245	3525027
536.14913	2429359
536.99838	2079670
537.00827	2202297
537.01591	6971068
537.03102	6915776
537.03441	3250881
537.04527	2646213
537.05224	22314694
537.06751	5746380
537.07094	3107533
537.08155	3350224
537.08862	18030290
537.10396	2322135
537.10756	2362072
537.1177	2598619
537.12499	11140829
537.16146	7454441
537.19775	3047156
538.03403	2058229
538.05568	5609468
538.07051	2373632
538.0841	2040836
538.09201	5283847
538.12853	3255314
539.01045	6281503
539.01404	2413856
539.02419	2022691
539.03151	8528165
539.03372	2222374
539.04678	10776874
539.05027	3094827
539.06056	2816302
539.06794	17572144
539.08311	7878965
539.08677	2019638
539.09675	2068793
539.10432	10301756
539.11917	3346752
539.14067	6930759
539.17708	4036946
539.21361	2146653
540.04201	2183255
540.05012	3672665
540.07114	3051104
540.07866	2139234
540.10768	2407019
540.18061	2200193
540.98974	3097459
541.01835	2067323
541.02602	13554558
541.02982	3449727
541.04726	8598404
541.06248	15422345
541.0664	2947978
541.08357	9864079
541.09875	7730068
541.12006	4705178
541.13506	3153822
541.15627	4225957
541.19251	2322351
542.02928	3484840
542.0577	2819248
542.06573	4261042
542.0869	2365625
542.12327	2012355
543.00533	8058311
543.02654	2429389
543.03438	2664911
543.04167	21120464
543.06293	5010903
543.07094	3103194
543.07804	16483804
543.09914	4363746
543.11455	7706086
543.13566	3047917
543.15077	3999217
543.15426	2215410
543.1721	2454007
543.1874	2388988
544.00865	2129642
544.03722	2958067
544.04518	4572917
544.07347	2694909
544.08121	3714815
544.1177	2608906
545.0135	2403340
545.02097	16394254
545.03989	2232339
545.05005	3346454
545.05736	23693336
545.06131	2339354
545.0785	3287070
545.08659	2566177
545.0938	15239203
545.13027	7276589
545.16655	4409400
545.20297	2821186
546.0243	3234092
546.06081	5712182
546.08928	2653502
546.09717	3256641
547.00034	4729407
547.02934	2745927
547.0366	21686858
547.0653	3503697
547.07299	22760020
547.10147	2158172
547.10941	11700830
547.14574	6406760
547.18234	4309618
547.21848	3337852
548.03996	4975457
548.06831	2133353
548.07645	5262188
548.11251	3128181
548.99847	2221674
549.01588	8096879
549.03123	3605619
549.03478	2471028
549.04504	2739318
549.05228	21400696
549.06733	2771069
549.08106	2749568
549.08868	18369666
549.12507	8899724
549.16149	6493335
549.1978	3593376
550.01922	2070400
550.05567	5778826
550.08402	2263954
550.09192	4504980
550.12831	2625950
551.01049	3915403
551.0139	3148428
551.03152	11345553
551.04668	6481557
551.05026	3150486
551.06793	18247322
551.08306	4126367
551.09638	2161314
551.10427	11742884
551.11911	2051752
551.14074	7290542
551.17709	6284984
551.2132	2235074
552.03497	3284892
552.07137	4151206
552.10746	2591663
552.98959	2454679
553.01105	2412701
553.02607	8568993
553.02972	3157154
553.04723	11591846
553.0624	8061099
553.07591	2023598
553.08359	12669104
553.09891	4647092
553.11996	8044730
553.1563	4323523
553.19285	3165389
553.22958	2250966
554.05065	2233771
554.05784	2324909
554.06597	2914735
554.08688	3578293
554.12373	2058686
555.00522	5753505
555.02651	3705510
555.04166	12755626
555.04568	2956971
555.06288	8454831
555.07049	2145969
555.0781	10191539
555.08202	2390708
555.09925	6529721
555.11444	5079741
555.13578	4612802
555.15087	2592454
555.17189	3775179
556.04491	3354536
556.06611	2125742
556.07348	2677680
556.08141	2737074
556.10271	2417591
556.13922	2228160
557.0139	2276507
557.02099	12518557
557.04234	3214498
557.05734	18355366
557.07869	4299948
557.08615	2162861
557.0938	10548399
557.11482	3568821
557.13005	5606584
557.15105	2667710
557.16648	2465985
558.02456	3013014
558.06068	4445599
558.09732	3526056
558.13332	2123185
559.00013	5377669
559.02893	2463372
559.03664	17143438
559.06511	2375317
559.07303	19093142
559.09449	2512540
559.10941	9369247
559.14577	4576936
559.18202	2721457
560.04009	4398977
560.07648	5556105
560.11278	3047314
561.0159	8534122
561.0443	3161201
561.05229	18937970
561.06726	2243190
561.08076	2356345
561.08865	15218811
561.12501	9058436
561.1613	5447821
561.19786	2505877
562.01935	2173783
562.05559	5017952
562.09197	4327784
563.01368	2299456
563.03157	12302916
563.04673	2846279
563.05038	2289224
563.06785	20159052
563.08288	2501200
563.08659	2698832
563.09673	2050643
563.10431	13027925
563.14056	6740573
563.17707	4754022
563.21354	2425454
564.03499	3769131
564.06339	2128690
564.07125	5421876
564.10771	3851068
565.01085	2537482
565.02594	4602894
565.02984	2306063
565.04724	15072274
565.06224	5000214
565.06606	2101271
565.07545	2501657
565.08359	15727643
565.09867	2319390
565.11994	7846947
565.15637	4119595
565.19276	3037236
565.22902	2550844
566.05039	3163381
566.06549	2231544
566.08721	3617021
566.12341	2996485
567.00528	5266890
567.02669	4619727
567.0418	8224210
567.04539	2657747
567.06283	11611607
567.07815	6284762
567.09929	9276895
567.11433	3183074
567.13559	5688807
567.17216	4566511
567.20824	2771447
568.04538	2267823
568.06377	2114228
568.06625	2506420
568.10209	2703036
569.02094	8277892
569.02475	2664325
569.04225	5322633
569.05732	12533644
569.07858	6684561
569.09358	6381460
569.11492	4808601
569.12999	3240860
569.1513	3745697
569.1878	3261353
570.02437	2075741
570.06072	3534949
570.08197	2263145
571.00031	5056813
571.03667	16040245
571.04043	2994486
571.05801	3316025
571.06501	2195771
571.073	14999869
571.0941	4720961
571.10935	7156036
571.13078	2425161
571.14539	4028748
571.18573	2053460
572.04001	4131337
572.07643	3588624
572.11269	2187800
573.01591	9421524
573.05232	18277084
573.08868	14648035
573.12513	7119595
573.16136	3855091
573.19794	2470650
574.01916	2523044
574.05564	4211627
574.09192	3736499
574.99525	2599531
575.01396	2064495
575.03157	11924595
575.068	18859130
575.10428	10552449
575.14081	6356105
575.17733	2995344
575.2135	2273432
576.03474	3456318
576.07126	4914501
576.10783	4003148
576.14438	2296148
577.01073	4398593
577.02593	2542084
577.02967	2387461
577.04723	15681032
577.06212	2167307
577.07543	2273806
577.08355	16016911
577.12001	9729559
577.15655	5842462
577.19289	3601957
578.05063	4271823
578.0871	4185814
578.12343	2362077
579.00526	2760586
579.0265	5377934
579.04161	5615505
579.04559	2588562
579.06283	14362517
579.07809	3703704
579.0992	11765660
579.13564	6182820
579.17196	4683691
579.20841	2796466
580.06613	3811416
580.10287	3650655
581.02102	5665040
581.04222	7444756
581.05727	8603926
581.07855	11077914
581.09353	3641630
581.11495	6840610
581.15126	5239081
581.18741	3115311
582.08206	3267034
582.118	2485216
583.00021	3459719
583.0366	10406541
583.0578	6224530
583.07302	9443988
583.09425	6687384
583.1095	5003931
583.13051	4936351
583.14567	2328226
583.16706	3478182
584.03996	4221769
584.07615	2646864
585.01595	7654398
585.03762	2173954
585.05231	14126084
585.0562	2247685
585.07353	4496392
585.08869	10226699
585.11022	2316303
585.125	4277266
585.14597	3018773
586.05557	4035772
586.08394	2737345
586.09182	3092675
586.99503	2753895
587.03156	12668269
587.06794	17558900
587.1043	9973115
587.14055	4543873
587.177	2059656
588.03468	3847714
588.07141	4124201
588.09888	2284078
589.01082	5961425
589.04715	14257879
589.08364	14020317
589.11999	6919908
589.15634	5535467
589.1922	3271409
590.05077	4292489
590.08688	3894159
591.0266	7630900
591.042	3593271
591.0629	16420923
591.07749	2554429
591.09924	12095553
591.13561	5859399
591.17205	3545166
591.208	2659412
592.02963	2107619
592.06612	4935914
592.10273	2817264
593.02112	4222351
593.04228	8892818
593.0572	4923797
593.07846	13361560
593.09367	2513307
593.11489	8278431
593.15141	4995493
593.18761	3825067
594.04552	2359870
594.08195	3822149
594.99998	2859745
595.02167	2422501
595.03676	6439655
595.05791	9044715
595.07286	6374125
595.09417	8733425
595.10939	3910388
595.13051	4942583
595.16692	3483389
595.20321	2315012
596.04026	2397073
596.06129	2750357
597.01583	6286389
597.03723	3220536
597.05236	10036283
597.0737	5092415
597.08866	6761537
597.10996	4463685
597.12491	3238983
597.14623	2998347
597.16147	2128973
597.18263	2080849
598.05552	2885858
598.07663	2145510
598.99514	2576766
599.03153	9901444
599.06792	12572042
599.08911	3861902
599.1043	7200144
599.1255	2739604
599.14052	3305878
600.03483	2556457
600.07123	3034671
600.09932	2302004
600.10837	2424373
601.01067	4345545
601.0472	13092559
601.06848	2293459
601.08362	11880149
601.10532	2514649
601.11995	7063259
601.15622	3697377
602.05058	4048754
602.08707	3806072
603.02646	8075281
603.06288	14686230
603.09927	10106908
603.13563	6635554
603.17181	3338280
603.20844	2848814
604.05739	2162359
604.06631	3913912
604.10247	3166398
604.13873	2373828
605.00592	2454863
605.021	2727249
605.04224	9431380
605.05729	2855255
605.07862	12589402
605.09364	2197853
605.11491	7932256
605.15131	4770150
605.18754	2992492
605.22425	2566513
606.04548	2909684
606.08178	3109370
606.11817	2022912
607.02136	3749519
607.03671	4098706
607.04758	2181780
607.05779	9640597
607.07319	3912344
607.07759	2100888
607.09419	9460379
607.13052	6703777
607.16703	3328678
607.20354	2717356
608.03982	2246448
608.06102	2735924
608.09788	2671418
609.01581	4248522
609.0375	3321806
609.05229	6550480
609.07349	7048147
609.08854	4342742
609.10971	6286297
609.12523	2638811
609.14615	3767263
609.18275	3027940
609.2189	2036714
610.1497	2226300
611.03154	7531782
611.05275	3474697
611.06795	8002828
611.08914	4185359
611.10413	3603729
611.12555	3389717
611.16152	2305306
612.07129	2835880
613.01075	4636218
613.04718	10890816
613.06867	2189891
613.08356	9592389
613.10501	3250761
613.12013	3853899
613.15634	2360913
614.01402	2223830
614.05081	3186396
614.07835	2158304
614.08714	2576097
615.02644	8175475
615.05301	2077559
615.06286	11616120
615.09931	7880574
615.13533	3734403
616.03006	2694158
616.06605	3992595
616.10282	2037273
617.00584	2825380
617.04215	9601194
617.07857	11853999
617.11498	6783157
617.1513	2661563
617.18776	2801856
618.04598	2950468
618.08188	4113738
618.11827	2487632
619.02134	3826139
619.03654	2195933
619.05785	10801632
619.07278	2562530
619.09413	9933286
619.13037	4641259
619.1668	3359217
619.20364	2557431
620.06098	2622074
620.09772	4123264
620.13441	2193030
621.01603	2648845
621.03724	4897553
621.05219	3603219
621.07038	2321174
621.07352	9274134
621.08835	2737944
621.10989	5731100
621.1463	3750689
621.18289	2504487
621.21849	2480940
622.077	2707376
622.11328	2112438
623.03135	4222019
623.05273	4676678
623.06797	5913673
623.08918	5755980
623.10404	2866254
623.1255	3390545
623.16182	2424919
625.01077	3837300
625.04724	7269753
625.06834	4324732
625.08356	5791103
625.10471	3664258
625.11992	3608964
625.1414	2204040
625.17745	2763149
626.051	2176532
627.02656	5998250
627.06283	9111216
627.0845	2127027
627.09919	7110326
627.13582	2844347
628.02992	2301765
628.06629	3001163
628.0943	2062159
628.10246	2078545
629.00573	2800605
629.03217	2092001
629.04221	8120290
629.07852	9492456
629.11506	5543918
629.15101	3000307
630.04545	2043006
630.08209	2926724
631.02136	4671766
631.05782	9079067
631.09417	7076129
631.13066	4862247
632.06095	2563512
632.09767	2741182
633.03709	5184081
633.07353	8661590
633.10985	5984860
633.14633	3243618
633.18266	2622056
634.07667	2241780
635.01713	2200456
635.03143	2498443
635.05284	5100430
635.06837	2822033
635.08924	7029652
635.10829	2125207
635.12545	4713370
635.16163	3490719
636.09252	2700339
637.0112	2692293
637.04722	4971723
637.06384	2156749
637.06843	5346510
637.08361	3765456
637.10503	4013268
637.14116	3303642
637.17766	2839775
637.21371	2091237
638.08664	2510193
639.02638	4081159
639.06291	6360589
639.08419	4005393
639.09902	3089939
639.12083	2661911
639.15694	2712092
641.04206	6567757
641.0786	7401299
641.09971	2081623
641.11506	4007769
641.15127	2976607
642.08216	2307063
643.02147	3768465
643.05778	8274071
643.09413	6994077
643.13055	4458659
643.1674	2586793
644.06125	3497276
644.1347	2087241
645.0371	5683679
645.07341	6554085
645.10978	4430315
645.14603	3257841
645.85593	2055783
646.04047	2480774
646.07663	3703436
647.05279	6984497
647.06778	2073395
647.08914	7447351
647.12541	3863357
647.16203	2605891
649.04709	3128452
649.06827	5667975
649.08364	2271370
649.10487	4209806
649.14121	2632852
649.17783	2577562
650.07177	2139444
651.02665	2818521
651.04774	3694045
651.06281	4460000
651.08415	4685284
651.09939	3343846
651.12083	3393002
651.13517	2273772
651.15684	2705904
651.19305	2039286
653.00613	2281268
653.04195	5441339
653.06344	2213695
653.07847	5146433
653.09986	2748229
653.11498	3137352
653.17251	2255698
655.02136	3704988
655.05789	5861538
655.07915	2810022
655.09439	3647657
655.1157	2101933
655.13	3093679
657.0369	5265929
657.07344	7383568
657.11014	4180503
657.14595	2916893
658.07713	2422472
659.05279	6341501
659.08912	6683524
659.12576	3274635
659.16182	2045842
661.03199	3865842
661.04677	2098421
661.06837	6356217
661.1048	4791552
661.14096	3164422
661.17769	2206989
662.10806	2171327
663.02682	2128496
663.04761	3354228
663.06291	2809463
663.08388	5396091
663.1206	3094146
665.04216	2594810
665.06332	3108863
665.09974	4206598
665.13619	2093069
665.5299	2419803
667.02137	2758022
667.0579	4577677
667.07898	2439569
667.09439	3492244
667.13098	2130332
667.15179	2220448
668.06144	2097752
669.03713	3403552
669.07367	5126952
669.10957	3092271
669.13122	2138932
670.0676	2096118
670.79783	2314383
671.01672	2678973
671.05267	5364932
671.08886	6403276
671.12574	3560660
671.16122	2233563
673.03181	3055209
673.06837	5942897
673.10471	5070457
673.14126	2844289
673.17808	2385545
674.07267	3421003
675.04778	4292640
675.08403	5808168
675.12011	4382768
675.1565	2107448
675.19368	2148416
677.04178	2293212
677.06332	3918305
677.07861	2050532
677.09969	3326441
677.13592	2699249
679.02135	2842526
679.05708	2868135
679.07893	3067820
679.094	2993071
679.11531	2651060
679.1519	2082748
681.03732	2962803
681.07367	4072828
681.09484	2690433
681.10974	3209605
681.13049	2146697
683.01638	2933578
683.05264	4073299
683.08891	3897179
683.12537	2300772
685.06819	5165372
685.1045	4004165
687.04777	3348262
687.08433	4635439
687.12043	2713400
689.06359	3495202
689.09981	3806507
689.13637	2511156
691.07892	3933991
691.11539	3608369
691.1515	2315066
693.0372	2125095
693.07371	2466096
693.09453	3071286
693.13116	2381119
695.05265	2332478
695.08946	2841416
697.03176	2626900
697.06855	4144478
697.10524	3095912
699.04779	2935677
699.08416	3825543
699.12024	2365328
